

  calculate Pi =16 arctan 0.2-4 arctan(1/239) 


PI =

  3.14159 265358 979323 846264 338327 950288 419716 939937 510582 097494 
  459230 781640 628620 899862 803482 534211 706798 214808 651328 230664 
  709384 460955 058223 172535 940812 848111 745028 410270 193852 110555 
  964462 294895 493038 196442 881097 566593 344612 847564 823378 678316 
  527120 190914 564856 692346 034861 045432 664821 339360 726024 914127 
  372458 700660 631558 817488 152092 096282 925409 171536 436789 259036 
  001133 053054 882046 652138 414695 194151 160943 305727 036575 959195 
  309218 611738 193261 179310 511854 807446 237996 274956 735188 575272 
  489122 793818 301194 912983 367336 244065 664308 602139 494639 522473 
  719070 217986 094370 277053 921717 629317 675238 467481 846766 940513 
   6
  200056 812714 526356 082778 577134 275778 960917 363717 872146 844090 
  122495 343014 654958 537105 079227 968925 892354 201995 611212 902196 
  086403 441815 981362 977477 130996 051870 721134 999999 837297 804995 
  105973 173281 609631 859502 445945 534690 830264 252230 825334 468503 
  526193 118817 101000 313783 875288 658753 320838 142061 717766 914730 
  359825 349042 875546 873115 956286 388235 378759 375195 778185 778053 
  217122 680661 300192 787661 119590 921642 019893 809525 720106 548586 
  327886 593615 338182 796823 030195 203530 185296 899577 362259 941389 
  124972 177528 347913 151557 485724 245415 069595 082953 311686 172785 
  588907 509838 175463 746493 931925 506040 092770 167113 900984 882401 
   12
  285836 160356 370766 010471 018194 295559 619894 676783 744944 825537 
  977472 684710 404753 464620 804668 425906 949129 331367 702898 915210 
  475216 205696 602405 803815 019351 125338 243003 558764 024749 647326 
  391419 927260 426992 279678 235478 163600 934172 164121 992458 631503 
  028618 297455 570674 983850 549458 858692 699569 092721 079750 930295 
  532116 534498 720275 596023 648066 549911 988183 479775 356636 980742 
  654252 786255 181841 757467 289097 777279 380008 164706 001614 524919 
  217321 721477 235014 144197 356854 816136 115735 255213 347574 184946 
  843852 332390 739414 333454 776241 686251 898356 948556 209921 922218 
  427255 025425 688767 179049 460165 346680 498862 723279 178608 578438 
   18
  382796 797668 145410 095388 378636 095068 006422 512520 511739 298489 
  608412 848862 694560 424196 528502 221066 118630 674427 862203 919494 
  504712 371378 696095 636437 191728 746776 465757 396241 389086 583264 
  599581 339047 802759 009946 576407 895126 946839 835259 570982 582262 
  052248 940772 671947 826848 260147 699090 264013 639443 745530 506820 
  349625 245174 939965 143142 980919 065925 093722 169646 151570 985838 
  741059 788595 977297 549893 016175 392846 813826 868386 894277 415599 
  185592 524595 395943 104997 252468 084598 727364 469584 865383 673622 
  262609 912460 805124 388439 045124 413654 976278 079771 569143 599770 
  012961 608944 169486 855584 840635 342207 222582 848864 815845 602850 
   24
  601684 273945 226746 767889 525213 852254 995466 672782 398645 659611 
  635488 623057 745649 803559 363456 817432 411251 507606 947945 109659 
  609402 522887 971089 314566 913686 722874 894056 010150 330861 792868 
  092087 476091 782493 858900 971490 967598 526136 554978 189312 978482 
  168299 894872 265880 485756 401427 047755 513237 964145 152374 623436 
  454285 844479 526586 782105 114135 473573 952311 342716 610213 596953 
  623144 295248 493718 711014 576540 359027 993440 374200 731057 853906 
  219838 744780 847848 968332 144571 386875 194350 643021 845319 104848 
  100537 061468 067491 927819 119793 995206 141966 342875 444064 374512 
  371819 217999 839101 591956 181467 514269 123974 894090 718649 423196 
   30
  156794 520809 514655 022523 160388 193014 209376 213785 595663 893778 
  708303 906979 207734 672218 256259 966150 142150 306803 844773 454920 
  260541 466592 520149 744285 073251 866600 213243 408819 071048 633173 
  464965 145390 579626 856100 550810 665879 699816 357473 638405 257145 
  910289 706414 011097 120628 043903 975951 567715 770042 033786 993600 
  723055 876317 635942 187312 514712 053292 819182 618612 586732 157919 
  841484 882916 447060 957527 069572 209175 671167 229109 816909 152801 
  735067 127485 832228 718352 093539 657251 210835 791513 698820 914442 
  100675 103346 711031 412671 113699 086585 163983 150197 016515 116851 
  714376 576183 515565 088490 998985 998238 734552 833163 550764 791853 
   36
  589322 618548 963213 293308 985706 420467 525907 091548 141654 985946 
  163718 027098 199430 992448 895757 128289 059232 332609 729971 208443 
  357326 548938 239119 325974 636673 058360 414281 388303 203824 903758 
  985243 744170 291327 656180 937734 440307 074692 112019 130203 303801 
  976211 011004 492932 151608 424448 596376 698389 522868 478312 355265 
  821314 495768 572624 334418 930396 864262 434107 732269 780280 731891 
  544110 104468 232527 162010 526522 721116 603966 655730 925471 105578 
  537634 668206 531098 965269 186205 647693 125705 863566 201855 810072 
  936065 987648 611791 045334 885034 611365 768675 324944 166803 962657 
  978771 855608 455296 541266 540853 061434 443185 867697 514566 140680 
   42
  070023 787765 913440 171274 947042 056223 053899 456131 407112 700040 
  785473 326993 908145 466464 588079 727082 668306 343285 878569 830523 
  580893 306575 740679 545716 377525 420211 495576 158140 025012 622859 
  413021 647155 097925 923099 079654 737612 551765 675135 751782 966645 
  477917 450112 996148 903046 399471 329621 073404 375189 573596 145890 
  193897 131117 904297 828564 750320 319869 151402 870808 599048 010941 
  214722 131794 764777 262241 425485 454033 215718 530614 228813 758504 
  306332 175182 979866 223717 215916 077166 925474 873898 665494 945011 
  465406 284336 639379 003976 926567 214638 530673 609657 120918 076383 
  271664 162748 888007 869256 029022 847210 403172 118608 204190 004229 
   48
  661711 963779 213375 751149 595015 660496 318629 472654 736425 230817 
  703675 159067 350235 072835 405670 403867 435136 222247 715891 504953 
  098447 049987 714618 155052 743751 980219 477064 654256 086408 286235 
  178397 276000 000000 exp 0

cos(PI/4) =

  7.07106 781186 547524 400844 362104 849039 284835 937688 474036 588339 
  868995 366239 231053 519425 193767 163820 786367 506923 115456 148512 
  462418 027925 368606 322060 748549 967915 706611 332963 752796 377899 
  975250 576391 030285 735054 779985 802985 137267 298431 007364 258709 
  320444 599304 776164 615242 154357 160725 419881 301813 997625 703994 
  843626 698273 165904 414820 310307 629176 197527 372875 143879 980864 
  917787 610168 765928 505677 187301 704249 423580 193449 985349 502407 
  515272 013895 158227 123911 534246 468459 310790 289231 555798 334356 
  506507 809284 493618 617644 254632 430624 748857 710916 710214 284303 
  007341 236038 571792 743707 782853 483882 686011 324272 350792 940081 
   6
  037923 746132 861300 104279 223326 072919 944697 218546 329590 015569 
  412323 407854 131505 029742 935200 159324 017109 744863 914532 052253 
  631844 065686 992762 805866 102012 254561 385011 347056 378681 364024 
  786905 448375 200918 493418 422536 289968 236453 038149 847069 023782 
  741186 449859 016340 123721 031463 456242 952609 050222 992107 529556 
  012472 067086 426573 905290 180168 553865 459143 465735 508555 584195 
  829086 344470 987935 829107 606411 475924 423604 484731 693144 578144 
  138297 631757 027113 382661 984730 875564 580120 435775 506757 522769 
  064378 002631 573400 856370 132698 473512 015025 874765 943146 281569 
  259408 173900 078468 458844 092618 934202 614391 881469 460715 032793 
   12
  478434 298229 757775 082236 225491 844801 844366 155719 470778 832552 
  044195 714616 905660 302621 681474 265852 495788 587811 427487 071949 
  959401 088121 548260 328210 591365 836312 876979 735862 796731 861931 
  613074 137131 110433 557791 979996 326058 812634 945877 049407 967432 
  004172 854259 073611 590710 203521 325452 826616 669921 822893 289839 
  825963 364619 993768 330860 799128 943013 168180 891374 799710 970188 
  887684 071310 886939 959727 569861 563703 344916 499494 769336 441142 
  818934 887483 125998 329176 288809 946966 142267 236784 739748 147608 
  444574 274626 945237 791441 726304 826204 827144 469726 932331 287246 
  377819 098220 515848 991653 092600 968969 247002 857816 686027 403427 
   18
  028793 399983 506068 611973 791071 315329 256610 870441 619147 364380 
  869682 373391 871598 000079 609440 367392 880862 610593 374521 248868 
  346460 365554 818486 080446 685433 057836 729266 741664 762733 792582 
  235537 892430 123180 041722 455740 929382 777714 322756 165710 996315 
  566625 898530 421827 985217 642820 504395 925038 018050 457973 283533 
  844180 278587 003837 845254 806835 970066 246780 262009 299955 253105 
  408179 886321 569030 273350 514678 498552 121255 289087 476552 862796 
  749222 556346 139017 245675 331878 437388 014158 141480 276621 121347 
  876726 451441 938422 321458 664138 544415 904351 266992 616906 137499 
  540618 594627 036323 768392 515241 079590 094308 355448 643461 460059 
   24
  879994 035190 927166 626823 010554 114963 964653 643589 039994 404958 
  837088 705449 153040 016315 590821 399411 558577 181934 830851 499967 
  080807 439343 009022 752776 993456 557593 005193 187662 502279 093022 
  402037 512059 759215 283726 684180 683729 868721 199427 664258 965448 
  018694 945758 659793 706721 440892 106251 095847 593779 672219 369809 
  465727 499995 305379 352454 513044 175881 811237 487892 942918 401872 
  896557 866990 104999 331109 347496 129795 663821 180970 529605 016401 
  307493 728329 984443 703397 808369 592978 644432 123673 179294 343224 
  841119 300349 167632 139952 814158 280695 697127 882453 103259 301082 
  363151 668148 753784 893530 330342 824908 004635 935464 607656 618414 
   30
  067849 446854 870825 223729 548026 873639 826223 854704 962061 935530 
  723527 199337 182366 923872 740955 043644 311107 479476 479559 394607 
  458991 699054 189413 907653 278115 790518 032433 793651 800725 113660 
  441467 567069 361384 208833 921845 264714 349245 419227 872289 704799 
  313037 124977 458401 426538 699469 148018 106676 993766 025459 994680 
  375695 322224 788422 849673 563818 225358 163957 735079 886677 431946 
  971162 863877 001913 013739 283708 629047 570815 357979 892490 900472 
  178018 969549 279508 413607 701729 079076 050246 833147 672441 355364 
  619830 116081 911913 330631 341525 128639 058472 551768 968578 441168 
  296614 891159 649303 233989 493204 604280 477907 130718 181550 230779 
   36
  716627 523724 698796 699956 270976 615046 608765 223826 698235 331380 
  583087 675937 732310 483817 279369 308244 009942 424873 963202 253272 
  244845 502039 710590 846289 842878 189244 074949 320842 749745 817880 
  724202 351051 699460 767118 851861 667655 782297 219485 182658 336097 
  452467 594145 290315 370067 343132 083623 505532 673174 695820 357314 
  278399 008896 690721 202263 456853 330488 881939 243311 900169 616218 
  523705 766593 626595 300958 299822 769057 894420 690421 661605 266883 
  730906 089007 148046 416205 681376 270443 686452 564703 669739 716530 
  971978 468351 039714 757939 114174 660965 833205 565077 479734 918948 
  883717 221769 668854 978567 494203 945425 407946 183035 044329 052735 
   42
  474895 232861 494440 446230 641408 006566 850514 540145 499872 823924 
  790772 807324 357758 195251 209928 953065 546729 391653 100131 103686 
  235838 342727 749952 497042 855404 962879 964446 618307 719135 977502 
  890812 566519 076573 288953 963434 250403 492214 239576 212137 720513 
  402878 160782 661030 942875 612556 531968 512681 463580 984125 629596 
  012608 029350 594798 366122 119633 711867 245382 323363 687673 982299 
  409574 903965 859001 211927 726943 019184 155400 389591 233231 377058 
  722125 009363 889759 082191 725731 730649 510381 671508 984277 192815 
  833861 759194 668333 521111 055469 572465 143981 906419 944655 865654 
  215021 062775 092749 253264 727818 883015 730627 954552 305692 384141 
   48
  179796 238614 314521 321368 081632 292721 696438 631930 171574 902448 
  198681 664877 442962 840574 648418 063362 949286 916608 218331 743511 
  738652 947160 986569 989581 282257 447529 684159 592931 655263 911972 
  084383 717513 834856 exp -1

sin(PI/4) =

  7.07106 781186 547524 400844 362104 849039 284835 937688 474036 588339 
  868995 366239 231053 519425 193767 163820 786367 506923 115456 148512 
  462418 027925 368606 322060 748549 967915 706611 332963 752796 377899 
  975250 576391 030285 735054 779985 802985 137267 298431 007364 258709 
  320444 599304 776164 615242 154357 160725 419881 301813 997625 703994 
  843626 698273 165904 414820 310307 629176 197527 372875 143879 980864 
  917787 610168 765928 505677 187301 704249 423580 193449 985349 502407 
  515272 013895 158227 123911 534246 468459 310790 289231 555798 334356 
  506507 809284 493618 617644 254632 430624 748857 710916 710214 284303 
  007341 236038 571792 743707 782853 483882 686011 324272 350792 940081 
   6
  037923 746132 861300 104279 223326 072919 944697 218546 329590 015569 
  412323 407854 131505 029742 935200 159324 017109 744863 914532 052253 
  631844 065686 992762 805866 102012 254561 385011 347056 378681 364024 
  786905 448375 200918 493418 422536 289968 236453 038149 847069 023782 
  741186 449859 016340 123721 031463 456242 952609 050222 992107 529556 
  012472 067086 426573 905290 180168 553865 459143 465735 508555 584195 
  829086 344470 987935 829107 606411 475924 423604 484731 693144 578144 
  138297 631757 027113 382661 984730 875564 580120 435775 506757 522769 
  064378 002631 573400 856370 132698 473512 015025 874765 943146 281569 
  259408 173900 078468 458844 092618 934202 614391 881469 460715 032793 
   12
  478434 298229 757775 082236 225491 844801 844366 155719 470778 832552 
  044195 714616 905660 302621 681474 265852 495788 587811 427487 071949 
  959401 088121 548260 328210 591365 836312 876979 735862 796731 861931 
  613074 137131 110433 557791 979996 326058 812634 945877 049407 967432 
  004172 854259 073611 590710 203521 325452 826616 669921 822893 289839 
  825963 364619 993768 330860 799128 943013 168180 891374 799710 970188 
  887684 071310 886939 959727 569861 563703 344916 499494 769336 441142 
  818934 887483 125998 329176 288809 946966 142267 236784 739748 147608 
  444574 274626 945237 791441 726304 826204 827144 469726 932331 287246 
  377819 098220 515848 991653 092600 968969 247002 857816 686027 403427 
   18
  028793 399983 506068 611973 791071 315329 256610 870441 619147 364380 
  869682 373391 871598 000079 609440 367392 880862 610593 374521 248868 
  346460 365554 818486 080446 685433 057836 729266 741664 762733 792582 
  235537 892430 123180 041722 455740 929382 777714 322756 165710 996315 
  566625 898530 421827 985217 642820 504395 925038 018050 457973 283533 
  844180 278587 003837 845254 806835 970066 246780 262009 299955 253105 
  408179 886321 569030 273350 514678 498552 121255 289087 476552 862796 
  749222 556346 139017 245675 331878 437388 014158 141480 276621 121347 
  876726 451441 938422 321458 664138 544415 904351 266992 616906 137499 
  540618 594627 036323 768392 515241 079590 094308 355448 643461 460059 
   24
  879994 035190 927166 626823 010554 114963 964653 643589 039994 404958 
  837088 705449 153040 016315 590821 399411 558577 181934 830851 499967 
  080807 439343 009022 752776 993456 557593 005193 187662 502279 093022 
  402037 512059 759215 283726 684180 683729 868721 199427 664258 965448 
  018694 945758 659793 706721 440892 106251 095847 593779 672219 369809 
  465727 499995 305379 352454 513044 175881 811237 487892 942918 401872 
  896557 866990 104999 331109 347496 129795 663821 180970 529605 016401 
  307493 728329 984443 703397 808369 592978 644432 123673 179294 343224 
  841119 300349 167632 139952 814158 280695 697127 882453 103259 301082 
  363151 668148 753784 893530 330342 824908 004635 935464 607656 618414 
   30
  067849 446854 870825 223729 548026 873639 826223 854704 962061 935530 
  723527 199337 182366 923872 740955 043644 311107 479476 479559 394607 
  458991 699054 189413 907653 278115 790518 032433 793651 800725 113660 
  441467 567069 361384 208833 921845 264714 349245 419227 872289 704799 
  313037 124977 458401 426538 699469 148018 106676 993766 025459 994680 
  375695 322224 788422 849673 563818 225358 163957 735079 886677 431946 
  971162 863877 001913 013739 283708 629047 570815 357979 892490 900472 
  178018 969549 279508 413607 701729 079076 050246 833147 672441 355364 
  619830 116081 911913 330631 341525 128639 058472 551768 968578 441168 
  296614 891159 649303 233989 493204 604280 477907 130718 181550 230779 
   36
  716627 523724 698796 699956 270976 615046 608765 223826 698235 331380 
  583087 675937 732310 483817 279369 308244 009942 424873 963202 253272 
  244845 502039 710590 846289 842878 189244 074949 320842 749745 817880 
  724202 351051 699460 767118 851861 667655 782297 219485 182658 336097 
  452467 594145 290315 370067 343132 083623 505532 673174 695820 357314 
  278399 008896 690721 202263 456853 330488 881939 243311 900169 616218 
  523705 766593 626595 300958 299822 769057 894420 690421 661605 266883 
  730906 089007 148046 416205 681376 270443 686452 564703 669739 716530 
  971978 468351 039714 757939 114174 660965 833205 565077 479734 918948 
  883717 221769 668854 978567 494203 945425 407946 183035 044329 052735 
   42
  474895 232861 494440 446230 641408 006566 850514 540145 499872 823924 
  790772 807324 357758 195251 209928 953065 546729 391653 100131 103686 
  235838 342727 749952 497042 855404 962879 964446 618307 719135 977502 
  890812 566519 076573 288953 963434 250403 492214 239576 212137 720513 
  402878 160782 661030 942875 612556 531968 512681 463580 984125 629596 
  012608 029350 594798 366122 119633 711867 245382 323363 687673 982299 
  409574 903965 859001 211927 726943 019184 155400 389591 233231 377058 
  722125 009363 889759 082191 725731 730649 510381 671508 984277 192815 
  833861 759194 668333 521111 055469 572465 143981 906419 944655 865654 
  215021 062775 092749 253264 727818 883015 730627 954552 305692 384141 
   48
  179796 238614 314521 321368 081632 292721 696438 631930 171574 902448 
  198681 664877 442962 840574 648418 063362 949286 916608 218331 743511 
  737714 480566 522831 817127 224846 394767 518811 181092 190827 566843 
  159907 178701 361399 exp -1

cos(PI/4)-sin(PI/4) =

  9.38466 594463 738172 exp -4924
new estimate for PI =

  3.14159 265358 979323 846264 338327 950288 419716 939937 510582 097494 
  459230 781640 628620 899862 803482 534211 706798 214808 651328 230664 
  709384 460955 058223 172535 940812 848111 745028 410270 193852 110555 
  964462 294895 493038 196442 881097 566593 344612 847564 823378 678316 
  527120 190914 564856 692346 034861 045432 664821 339360 726024 914127 
  372458 700660 631558 817488 152092 096282 925409 171536 436789 259036 
  001133 053054 882046 652138 414695 194151 160943 305727 036575 959195 
  309218 611738 193261 179310 511854 807446 237996 274956 735188 575272 
  489122 793818 301194 912983 367336 244065 664308 602139 494639 522473 
  719070 217986 094370 277053 921717 629317 675238 467481 846766 940513 
   6
  200056 812714 526356 082778 577134 275778 960917 363717 872146 844090 
  122495 343014 654958 537105 079227 968925 892354 201995 611212 902196 
  086403 441815 981362 977477 130996 051870 721134 999999 837297 804995 
  105973 173281 609631 859502 445945 534690 830264 252230 825334 468503 
  526193 118817 101000 313783 875288 658753 320838 142061 717766 914730 
  359825 349042 875546 873115 956286 388235 378759 375195 778185 778053 
  217122 680661 300192 787661 119590 921642 019893 809525 720106 548586 
  327886 593615 338182 796823 030195 203530 185296 899577 362259 941389 
  124972 177528 347913 151557 485724 245415 069595 082953 311686 172785 
  588907 509838 175463 746493 931925 506040 092770 167113 900984 882401 
   12
  285836 160356 370766 010471 018194 295559 619894 676783 744944 825537 
  977472 684710 404753 464620 804668 425906 949129 331367 702898 915210 
  475216 205696 602405 803815 019351 125338 243003 558764 024749 647326 
  391419 927260 426992 279678 235478 163600 934172 164121 992458 631503 
  028618 297455 570674 983850 549458 858692 699569 092721 079750 930295 
  532116 534498 720275 596023 648066 549911 988183 479775 356636 980742 
  654252 786255 181841 757467 289097 777279 380008 164706 001614 524919 
  217321 721477 235014 144197 356854 816136 115735 255213 347574 184946 
  843852 332390 739414 333454 776241 686251 898356 948556 209921 922218 
  427255 025425 688767 179049 460165 346680 498862 723279 178608 578438 
   18
  382796 797668 145410 095388 378636 095068 006422 512520 511739 298489 
  608412 848862 694560 424196 528502 221066 118630 674427 862203 919494 
  504712 371378 696095 636437 191728 746776 465757 396241 389086 583264 
  599581 339047 802759 009946 576407 895126 946839 835259 570982 582262 
  052248 940772 671947 826848 260147 699090 264013 639443 745530 506820 
  349625 245174 939965 143142 980919 065925 093722 169646 151570 985838 
  741059 788595 977297 549893 016175 392846 813826 868386 894277 415599 
  185592 524595 395943 104997 252468 084598 727364 469584 865383 673622 
  262609 912460 805124 388439 045124 413654 976278 079771 569143 599770 
  012961 608944 169486 855584 840635 342207 222582 848864 815845 602850 
   24
  601684 273945 226746 767889 525213 852254 995466 672782 398645 659611 
  635488 623057 745649 803559 363456 817432 411251 507606 947945 109659 
  609402 522887 971089 314566 913686 722874 894056 010150 330861 792868 
  092087 476091 782493 858900 971490 967598 526136 554978 189312 978482 
  168299 894872 265880 485756 401427 047755 513237 964145 152374 623436 
  454285 844479 526586 782105 114135 473573 952311 342716 610213 596953 
  623144 295248 493718 711014 576540 359027 993440 374200 731057 853906 
  219838 744780 847848 968332 144571 386875 194350 643021 845319 104848 
  100537 061468 067491 927819 119793 995206 141966 342875 444064 374512 
  371819 217999 839101 591956 181467 514269 123974 894090 718649 423196 
   30
  156794 520809 514655 022523 160388 193014 209376 213785 595663 893778 
  708303 906979 207734 672218 256259 966150 142150 306803 844773 454920 
  260541 466592 520149 744285 073251 866600 213243 408819 071048 633173 
  464965 145390 579626 856100 550810 665879 699816 357473 638405 257145 
  910289 706414 011097 120628 043903 975951 567715 770042 033786 993600 
  723055 876317 635942 187312 514712 053292 819182 618612 586732 157919 
  841484 882916 447060 957527 069572 209175 671167 229109 816909 152801 
  735067 127485 832228 718352 093539 657251 210835 791513 698820 914442 
  100675 103346 711031 412671 113699 086585 163983 150197 016515 116851 
  714376 576183 515565 088490 998985 998238 734552 833163 550764 791853 
   36
  589322 618548 963213 293308 985706 420467 525907 091548 141654 985946 
  163718 027098 199430 992448 895757 128289 059232 332609 729971 208443 
  357326 548938 239119 325974 636673 058360 414281 388303 203824 903758 
  985243 744170 291327 656180 937734 440307 074692 112019 130203 303801 
  976211 011004 492932 151608 424448 596376 698389 522868 478312 355265 
  821314 495768 572624 334418 930396 864262 434107 732269 780280 731891 
  544110 104468 232527 162010 526522 721116 603966 655730 925471 105578 
  537634 668206 531098 965269 186205 647693 125705 863566 201855 810072 
  936065 987648 611791 045334 885034 611365 768675 324944 166803 962657 
  978771 855608 455296 541266 540853 061434 443185 867697 514566 140680 
   42
  070023 787765 913440 171274 947042 056223 053899 456131 407112 700040 
  785473 326993 908145 466464 588079 727082 668306 343285 878569 830523 
  580893 306575 740679 545716 377525 420211 495576 158140 025012 622859 
  413021 647155 097925 923099 079654 737612 551765 675135 751782 966645 
  477917 450112 996148 903046 399471 329621 073404 375189 573596 145890 
  193897 131117 904297 828564 750320 319869 151402 870808 599048 010941 
  214722 131794 764777 262241 425485 454033 215718 530614 228813 758504 
  306332 175182 979866 223717 215916 077166 925474 873898 665494 945011 
  465406 284336 639379 003976 926567 214638 530673 609657 120918 076383 
  271664 162748 888007 869256 029022 847210 403172 118608 204190 004229 
   48
  661711 963779 213375 751149 595015 660496 318629 472654 736425 230817 
  703675 159067 350235 072835 405670 403867 435136 222247 715891 504953 
  098 709 438437 144000 000000 000000 000000 000000 000000 000000 000000 
  000000 000000 000000 exp 0

 total compute time  18643.000000 sec
